BeginChars: 65538 36

StartChar: one
Encoding: 49 49 0
Width: 325
VWidth: 0
Flags: HMW
LayerCount: 2
Fore
SplineSet
159.601 486.377 m 0
 161.695 501.037 165.36 505.749 173.214 505.749 c 0
 188.396 505.749 189.968 495.277 181.591 451.299 c 0
 174.784 414.649 171.119 336.639 171.119 246.587 c 0
 171.119 157.058 176.354 34.5449 180.02 30.8799 c 0
 182.114 28.2617 205.15 26.168 231.329 26.168 c 1
 279.496 25.1201 295.727 19.3613 283.685 7.31934 c 0
 278.972 2.60742 249.13 0.512695 180.543 -0.0107422 c 0
 67.4541 -0.53418 40.2295 2.08398 37.6113 14.126 c 0
 36.5645 20.9316 42.8467 23.5498 70.5967 26.6914 c 0
 89.4443 28.7852 116.146 28.7852 129.758 26.6914 c 2
 154.888 23.5498 l 1
 152.271 93.1836 l 2
 150.7 131.403 149.653 217.267 149.13 284.283 c 1
 149.13 405.749 l 1
 127.664 382.712 l 1
 100.962 354.964 66.9307 341.874 53.8418 355.487 c 0
 46.5117 362.816 47.0352 364.388 65.3604 371.718 c 0
 76.3545 376.43 86.8262 380.095 88.9199 380.095 c 0
 90.4912 380.095 103.057 390.565 115.622 403.131 c 0
 140.229 427.215 154.365 453.393 159.601 486.377 c 0
EndSplineSet
Substitution2: "Numeral glyph variants-1" one.alt
Colour: ffff
EndChar

StartChar: two
Encoding: 50 50 1
Width: 325
VWidth: 0
Flags: HMW
LayerCount: 2
Fore
SplineSet
161.447 505.895 m 0
 168.816 506.947 176.711 508.526 178.816 509.053 c 0
 186.711 510.105 221.975 489.579 234.605 475.895 c 0
 245.131 464.842 247.236 456.947 247.236 426.947 c 0
 247.236 383.264 231.975 331.158 201.447 271.158 c 0
 173.025 215.895 104.078 93.7891 94.6055 82.7373 c 0
 82.5 68 86.7109 62.7373 128.816 42.7373 c 0
 195.131 10.6318 236.184 17.4736 256.184 64.8418 c 0
 270.922 99.5791 284.078 103.263 284.078 73.2627 c 0
 284.078 62.7373 276.711 49.0527 261.975 31.1582 c 0
 239.342 4.31543 234.605 1.68457 197.236 -3.5791 c 0
 176.711 -6.21094 138.816 5.36816 125.658 18.5264 c 0
 116.184 28 82.5 41.6846 77.2363 38.5264 c 0
 75.1309 37.4736 70.3945 25.3682 66.7109 12.2109 c 0
 59.8691 -11.4736 48.2891 -19.3682 44.0781 -2.52637 c 0
 43.0254 2.7373 45.1309 12.7373 48.2891 20.1055 c 0
 51.9746 27.4736 56.1836 41.6846 57.7637 52.2109 c 0
 60.3945 70.6318 78.8164 105.368 108.816 149.053 c 0
 116.711 160.632 131.975 188 143.025 209.053 c 1
 153.553 230.632 167.764 256.947 174.078 266.947 c 0
 192.5 296.947 219.869 372.737 223.025 402.211 c 0
 226.711 435.368 217.764 463.789 200.922 472.737 c 0
 183.553 482.211 131.975 476.947 104.605 462.737 c 0
 92.5 456.421 81.9746 449.579 81.9746 447.474 c 0
 81.4473 445.368 80.3945 438.526 79.8691 432.211 c 0
 79.3418 425.368 76.1836 417.474 73.5527 413.789 c 0
 67.2363 405.895 70.3945 376.421 77.7637 373.789 c 0
 80.3945 372.737 82.5 368 82.5 362.737 c 0
 82.5 358 87.2363 348.526 93.0254 342.211 c 0
 105.658 328.526 105.658 327.474 95.1309 323.264 c 0
 83.5527 319.053 63.5527 332.211 54.0781 351.158 c 0
 49.8691 359.053 45.1309 380.632 43.5527 399.053 c 2
 40.9219 432.211 l 1
 68.2891 460.105 l 1
 94.6055 488 115.131 498 161.447 505.895 c 0
EndSplineSet
Colour: ffff
EndChar

StartChar: three
Encoding: 51 51 2
Width: 325
VWidth: 0
Flags: HMW
LayerCount: 2
Fore
SplineSet
237.745 488.526 m 0
 278.798 504.315 289.324 500.632 275.64 474.315 c 1
 271.956 465.895 260.377 443.264 250.377 423.264 c 0
 240.377 403.264 223.534 375.368 213.009 360.632 c 1
 192.482 333.789 188.271 320.105 199.324 320.105 c 0
 202.482 320.105 213.009 314.315 222.482 306.947 c 0
 231.956 299.579 241.956 293.789 244.061 293.789 c 0
 253.534 293.789 276.166 264.315 285.113 239.579 c 0
 292.482 219.579 294.061 205.368 291.43 165.895 c 0
 285.64 73.2627 256.692 19.0527 200.377 -5.1582 c 0
 168.798 -18.3154 161.43 -17.7891 109.851 -2 c 0
 79.3242 7.47363 70.9033 15.8945 39.3242 71.1582 c 0
 21.9561 102.211 39.8506 193.789 63.5342 193.789 c 0
 73.0078 193.789 78.7979 178.526 71.9561 170.105 c 0
 68.7979 166.421 63.5342 152.737 59.3242 139.579 c 0
 50.9033 111.685 55.1133 92.7373 77.7451 56.9473 c 0
 93.5342 31.6846 110.903 21.1582 147.745 14.3154 c 0
 171.956 10.1055 179.851 10.6318 194.061 18 c 0
 218.271 30.1055 234.587 45.8945 245.113 67.4736 c 0
 280.903 139.053 275.64 260.632 236.692 266.421 c 0
 230.903 267.474 220.377 273.789 213.534 281.158 c 0
 198.798 296.421 178.271 297.474 159.851 283.264 c 0
 129.324 259.053 126.166 279.579 155.113 318.526 c 0
 165.64 333.264 178.798 351.685 184.061 360.105 c 0
 188.798 368.526 202.482 390.632 214.061 409.579 c 0
 233.009 440.105 240.377 462.211 231.956 462.211 c 0
 230.377 462.211 224.587 459.579 218.798 456.421 c 0
 210.903 452.737 198.271 452.737 173.009 457.474 c 0
 128.798 465.895 95.1133 465.368 85.1133 456.947 c 0
 80.9033 453.264 75.6396 441.158 74.0605 429.579 c 0
 70.9033 411.685 69.3242 409.579 59.3242 412.737 c 0
 39.3242 419.053 38.7979 430.632 57.2188 465.895 c 0
 68.7979 488.526 98.7979 492.211 187.745 481.158 c 0
 204.587 479.053 219.324 481.158 237.745 488.526 c 0
EndSplineSet
Colour: ffff
EndChar

StartChar: four
Encoding: 52 52 3
Width: 325
VWidth: 0
Flags: HMW
LayerCount: 2
Fore
SplineSet
71.0361 494.754 m 0
 76.7959 503.654 88.3135 501.561 99.3086 489.519 c 0
 131.77 454.964 134.387 330.356 105.067 232.974 c 0
 99.3086 213.078 95.6436 195.277 97.2139 192.66 c 0
 98.7852 190.042 109.779 189.519 121.298 191.612 c 0
 133.34 193.707 153.235 194.23 165.801 192.66 c 2
 189.361 190.042 l 1
 189.361 220.932 l 2
 189.361 238.209 186.743 271.718 184.125 296.324 c 0
 179.413 337.162 179.937 341.351 189.361 350.775 c 0
 195.12 356.534 200.879 360.199 201.927 358.628 c 0
 203.497 357.058 206.115 339.78 207.686 319.361 c 0
 213.968 230.88 217.109 199.466 218.681 195.801 c 1
 220.251 193.707 231.77 196.324 244.335 201.037 c 0
 262.659 207.843 268.942 208.366 274.178 203.131 c 0
 283.078 194.23 274.178 186.9 240.67 175.382 c 2
 212.921 165.958 l 1
 212.397 85.8535 l 2
 212.397 9.9375 211.874 5.74902 201.927 5.74902 c 0
 192.502 5.74902 191.979 10.9844 188.837 79.0469 c 0
 186.743 119.361 185.173 155.487 184.648 159.676 c 0
 184.125 165.435 175.225 166.481 136.481 163.864 c 0
 94.5967 161.246 86.7432 159.152 74.7002 147.634 c 0
 51.1406 125.12 38.0518 135.068 55.8525 161.77 c 0
 64.7539 175.906 77.8428 215.173 84.6484 249.204 c 0
 87.2666 262.293 91.9785 283.235 95.1201 296.324 c 0
 108.732 348.681 94.5967 472.241 73.1309 485.33 c 0
 69.9893 487.424 69.4658 491.612 71.0361 494.754 c 0
EndSplineSet
Colour: ffff
EndChar

StartChar: five
Encoding: 53 53 4
Width: 325
VWidth: 0
Flags: HMW
LayerCount: 2
Fore
SplineSet
223.112 496.421 m 0
 243.639 511.685 252.061 512.737 256.797 501.685 c 0
 260.481 492.211 234.165 472.211 202.061 460.632 c 0
 178.376 452.211 153.639 451.685 127.323 459.053 c 0
 114.165 462.737 113.112 461.685 109.429 442.737 c 0
 106.797 431.685 105.218 399.053 104.691 370.105 c 1
 104.691 325.895 105.744 318 112.586 319.579 c 0
 153.112 329.579 165.744 331.158 185.218 328.526 c 0
 216.797 324.315 246.271 300.105 258.376 268.526 c 0
 272.061 232.737 270.481 142.211 254.691 101.158 c 1
 242.061 65.8945 218.376 31.6846 196.271 15.3682 c 0
 173.639 -1.47363 139.429 -12.5264 120.481 -8.31543 c 0
 96.2705 -3.05273 70.4814 14.3154 70.4814 25.8945 c 0
 70.4814 31.6846 66.7969 43.2627 62.5859 51.6846 c 0
 58.376 60.1055 56.2705 70.6318 57.8496 75.3682 c 0
 63.6387 90.6318 76.7969 81.1582 84.6914 56.4209 c 0
 91.0078 36.4209 96.2705 30.6318 112.061 23.2627 c 1
 136.797 12.7373 140.481 12.7373 164.165 23.7891 c 0
 188.902 35.3682 203.639 50.6318 224.691 87.4736 c 0
 238.902 112.737 241.534 123.263 243.112 162.737 c 1
 244.691 188.526 243.639 222.737 241.534 239.579 c 0
 238.376 264.842 234.691 272.737 219.429 286.947 c 0
 204.165 301.685 197.323 304.315 174.691 304.315 c 0
 143.112 304.315 116.271 292.737 108.376 275.368 c 0
 101.534 261.158 94.165 258.526 88.376 268.526 c 0
 82.0596 278.526 80.4814 466.421 86.7969 470.105 c 0
 89.4287 472.211 90.4814 477.474 89.4287 482.211 c 0
 87.8496 487.474 88.9023 494.842 91.5342 499.053 c 0
 95.7441 505.368 97.3232 505.368 105.744 497.474 c 0
 118.902 485.895 164.691 475.895 187.323 480.105 c 0
 197.323 481.685 213.639 489.053 223.112 496.421 c 0
EndSplineSet
Colour: ffff
EndChar

StartChar: six
Encoding: 54 54 5
Width: 325
VWidth: 0
Flags: HMW
LayerCount: 2
Fore
SplineSet
143.426 493.789 m 1
 163.952 501.685 180.794 499.579 210.268 484.842 c 0
 240.268 469.579 252.899 450.632 252.899 421.685 c 0
 252.899 409.053 238.162 388.526 229.215 388.526 c 0
 227.636 388.526 226.583 399.053 226.583 411.158 c 0
 226.583 443.264 201.847 472.737 175.53 472.737 c 0
 165.53 472.737 152.373 470.105 146.057 466.947 c 0
 124.479 455.895 100.268 429.053 100.268 415.895 c 0
 100.268 409.053 91.8467 386.421 81.8467 365.368 c 0
 63.9521 328 63.4258 325.368 65.5303 277.474 c 0
 67.1094 250.105 68.1621 226.947 68.1621 225.368 c 1
 68.6885 224.315 77.6357 231.685 88.6885 242.211 c 0
 126.583 279.579 187.109 292.737 229.215 273.264 c 0
 269.215 254.842 287.636 220.105 282.373 171.685 c 1
 276.057 119.053 255.004 74.3154 217.109 34.8418 c 0
 190.268 6.4209 186.583 4.31543 163.952 4.31543 c 0
 149.215 4.31543 133.952 8 125.004 14.3154 c 0
 105.004 27.4736 52.8994 83.2627 52.8994 91.6846 c 0
 52.8994 95.3682 50.2676 104.842 46.583 113.263 c 1
 42.8994 123.263 41.3203 162.737 41.8467 230.632 c 1
 43.4258 328 43.9521 335.368 58.6885 380.105 c 0
 67.1094 405.895 78.6885 434.315 84.4785 443.789 c 0
 96.0566 462.211 123.426 485.368 143.426 493.789 c 1
225.53 248.526 m 0
 195.004 261.158 172.899 262.737 150.268 252.737 c 0
 113.426 236.947 108.688 232.211 88.1621 194.315 c 0
 68.6885 158.526 68.1621 154.842 71.3203 125.368 c 0
 75.0039 92.2109 88.6885 69.5791 118.688 44.8418 c 0
 143.952 24.3154 167.636 22.2109 189.741 38.5264 c 0
 222.373 62.7373 251.847 117.474 260.794 171.158 c 0
 265.53 202.211 249.215 239.053 225.53 248.526 c 0
EndSplineSet
Colour: ffff
EndChar

StartChar: seven
Encoding: 55 55 6
Width: 325
VWidth: 0
Flags: HMW
LayerCount: 2
Fore
SplineSet
264.217 497.896 m 0
 268.405 508.891 285.159 505.749 287.254 494.23 c 0
 288.824 485.854 277.306 455.487 257.411 416.743 c 0
 252.175 406.796 245.369 388.995 242.228 377.477 c 0
 218.667 290.042 218.667 292.136 251.128 295.277 c 0
 267.358 296.849 277.829 295.277 280.447 291.612 c 0
 286.73 281.142 272.07 270.146 251.128 270.146 c 0
 215.002 270.146 205.578 263.341 201.913 235.068 c 0
 200.343 221.455 194.583 190.042 188.824 165.435 c 0
 177.829 116.22 163.692 40.3037 160.552 14.6494 c 0
 157.411 -13.0996 136.992 -28.2822 133.327 -5.76953 c 0
 132.804 -0.53418 136.468 25.1201 142.228 51.8223 c 0
 147.463 78.5234 153.222 109.414 154.793 120.932 c 0
 157.411 140.827 173.117 202.084 183.589 235.592 c 0
 190.919 259.152 186.206 261.246 139.086 257.581 c 0
 104.008 254.964 94.583 256.011 89.3477 262.293 c 0
 84.1123 268.576 84.6357 270.67 90.9189 273.288 c 0
 95.6309 274.858 101.39 274.858 104.531 273.288 c 0
 107.148 271.718 110.29 272.765 111.337 275.906 c 0
 112.385 279.57 130.186 283.235 153.222 284.807 c 0
 188.301 286.9 193.536 288.472 195.631 298.419 c 0
 199.819 316.22 224.95 397.372 230.186 408.89 c 0
 247.986 449.204 247.986 449.204 232.279 446.062 c 0
 197.725 438.209 146.939 445.016 115.002 461.246 c 0
 90.9189 473.812 75.2119 471.193 65.7881 453.393 c 0
 58.9814 439.78 55.8398 438.209 47.4629 442.922 c 0
 34.8975 449.728 34.8975 449.728 44.3213 468.576 c 0
 53.7461 486.377 76.7822 502.607 88.8242 498.942 c 0
 93.5361 497.372 117.097 488.995 141.704 480.095 c 0
 166.312 471.193 191.442 463.864 198.248 463.864 c 0
 214.479 463.864 260.028 487.424 264.217 497.896 c 0
EndSplineSet
Colour: ffff
EndChar

StartChar: J
Encoding: 74 74 7
Width: 325
VWidth: 0
Flags: HMW
AnchorPoint: "horn" 300 550 basechar 0
AnchorPoint: "topright" 300 550 basechar 0
AnchorPoint: "center" 163 250 basechar 0
AnchorPoint: "boxcenter" 163 250 basechar 0
AnchorPoint: "btmdiac" 163 -200 basechar 0
AnchorPoint: "ogonek" 163 -200 basechar 0
AnchorPoint: "topdiac" 163 550 basechar 0
LayerCount: 2
Fore
SplineSet
149.606 489.053 m 0
 152.238 498 157.501 499.053 212.765 499.053 c 0
 268.554 499.053 293.291 494.315 293.291 483.789 c 0
 293.291 481.685 281.186 478 266.449 476.421 c 0
 251.186 474.315 238.554 472.211 237.501 471.685 c 1
 236.975 470.632 234.87 385.368 232.765 282.211 c 0
 231.186 179.053 227.501 87.4736 224.87 78.5264 c 0
 222.238 69.5791 222.238 50.6318 224.344 36.4209 c 0
 238.554 -54.1055 203.817 -148.315 147.501 -172.526 c 0
 108.027 -189.368 48.0273 -173.579 35.3965 -143.053 c 0
 28.0273 -124.632 32.2383 -100.947 43.291 -100.947 c 0
 51.7119 -100.947 51.7119 -101.474 53.8174 -120.947 c 0
 58.0273 -160.947 123.291 -172 162.238 -139.368 c 0
 194.344 -112 210.659 -50.9473 204.344 18.5264 c 0
 202.238 39.0527 202.765 62.7373 204.87 71.1582 c 0
 208.554 85.3682 210.133 415.368 206.449 450.632 c 0
 204.344 471.685 203.291 473.264 187.501 473.789 c 0
 156.975 474.315 146.975 478.526 149.606 489.053 c 0
EndSplineSet
Colour: ffff
EndChar

StartChar: a
Encoding: 97 97 8
Width: 325
VWidth: 0
Flags: HMW
AnchorPoint: "topright" 300 380 basechar 0
AnchorPoint: "horn" 300 380 basechar 0
AnchorPoint: "center" 163 160 basechar 0
AnchorPoint: "boxcenter" 163 250 basechar 0
AnchorPoint: "topdiac" 163 380 basechar 0
AnchorPoint: "ogonek" 210 0 basechar 0
AnchorPoint: "btmdiac" 163 0 basechar 0
LayerCount: 2
Fore
SplineSet
168.455 296.314 m 4
 168.979 298.408 174.215 297.885 181.021 295.791 c 5
 187.304 293.173 191.492 287.938 190.445 283.749 c 4
 189.397 280.084 187.304 225.11 186.257 161.759 c 5
 183.639 59.665 184.162 43.958 192.016 28.7754 c 4
 198.298 17.2568 203.534 12.5449 208.771 14.6387 c 4
 213.481 16.209 217.67 17.7803 218.717 17.7803 c 4
 219.765 17.7803 231.807 35.5811 244.896 57.0469 c 4
 267.932 93.1729 278.927 102.073 278.927 82.7012 c 4
 278.927 69.6123 252.225 19.3506 238.612 6.26172 c 4
 223.43 -7.87402 194.634 -8.92188 179.45 4.69141 c 4
 173.691 9.92676 166.361 23.5391 162.696 34.5342 c 5
 156.937 54.9531 l 5
 146.466 38.7227 l 6
 129.188 11.4971 92.5391 -1.06836 73.6914 14.1152 c 4
 68.9795 17.2568 60.6016 28.251 54.8428 37.6758 c 4
 45.9424 52.8584 44.8965 62.2832 46.9893 108.356 c 4
 48.0361 137.676 52.749 172.23 56.9365 184.796 c 4
 61.126 197.885 64.2666 214.639 64.2666 223.016 c 4
 64.2666 230.869 65.8379 237.676 68.4551 237.676 c 4
 70.5498 237.676 77.8799 247.1 84.6855 258.095 c 4
 98.2979 279.561 123.953 295.267 145.419 295.267 c 4
 161.126 295.267 163.22 281.654 148.561 276.942 c 4
 143.324 275.372 129.188 266.995 117.67 259.142 c 4
 99.8691 246.053 95.1572 237.676 83.1152 201.026 c 4
 64.79 143.958 63.2197 62.8066 80.4971 35.5811 c 6
 91.4922 17.7803 l 5
 105.104 28.7754 l 5
 125.523 44.4814 145.419 79.0371 152.225 109.403 c 4
 155.366 124.062 159.555 162.807 161.649 196.838 c 4
 163.22 230.346 165.838 265.424 166.361 275.372 c 5
 167.408 284.796 168.455 294.22 168.455 296.314 c 4
EndSplineSet
Substitution2: "Small Caps-1" a.sc
Colour: ffff
EndChar

StartChar: b
Encoding: 98 98 9
Width: 325
VWidth: 0
Flags: HMW
AnchorPoint: "horn" 300 550 basechar 0
AnchorPoint: "topright" 300 550 basechar 0
AnchorPoint: "center" 163 250 basechar 0
AnchorPoint: "boxcenter" 163 250 basechar 0
AnchorPoint: "ogonek" 163 0 basechar 0
AnchorPoint: "btmdiac" 163 0 basechar 0
AnchorPoint: "topdiac" 163 550 basechar 0
LayerCount: 2
Fore
SplineSet
74.9424 489.158 m 0
 76.5215 491.789 82.8369 486.526 88.626 477.053 c 0
 100.205 459.158 101.784 409.685 94.416 310.211 c 0
 92.8369 283.368 92.8369 261.264 94.416 261.264 c 0
 96.5215 261.264 104.942 266.526 113.363 272.315 c 1
 125.469 281.789 136.521 283.895 168.626 284.421 c 2
 209.152 284.947 l 1
 227.048 263.895 l 2
 255.469 230.211 262.837 198.632 255.995 140.211 c 1
 248.626 82.3154 237.574 57.5791 201.258 20.7373 c 0
 170.205 -10.8418 135.469 -26.1055 102.311 -21.3682 c 1
 64.9424 -16.6318 64.416 -15.5791 68.0996 79.1582 c 0
 70.2051 125.474 71.7842 235.474 71.7842 323.895 c 0
 71.7842 411.789 72.8369 486 74.9424 489.158 c 0
207.574 253.895 m 0
 183.89 269.158 167.574 270.211 144.416 258.105 c 0
 100.205 235.474 91.2578 218.105 92.8369 158.632 c 0
 93.3633 147.053 92.8369 109.685 92.3105 76 c 0
 91.7842 42.3154 92.8369 11.7891 94.9424 9.1582 c 0
 105.469 -8.7373 160.205 12.3154 192.837 46 c 0
 216.521 70.7373 227.574 102.315 232.311 159.158 c 0
 234.942 195.474 233.89 205.474 224.942 225.474 c 0
 219.152 238.632 211.258 251.264 207.574 253.895 c 0
EndSplineSet
Substitution2: "Small Caps-1" b.sc
Colour: ffff
EndChar

StartChar: c
Encoding: 99 99 10
Width: 325
VWidth: 0
Flags: HMW
AnchorPoint: "topright" 300 380 basechar 0
AnchorPoint: "horn" 300 380 basechar 0
AnchorPoint: "center" 163 160 basechar 0
AnchorPoint: "boxcenter" 163 250 basechar 0
AnchorPoint: "topdiac" 163 380 basechar 0
AnchorPoint: "ogonek" 163 0 basechar 0
AnchorPoint: "btmdiac" 163 0 basechar 0
LayerCount: 2
Fore
SplineSet
113.426 286.366 m 0
 142.744 316.209 142.744 316.209 173.635 316.209 c 0
 198.766 316.209 208.189 313.592 220.755 303.645 c 0
 234.367 292.649 236.462 287.938 235.938 266.995 c 0
 235.415 242.911 223.373 221.969 210.284 221.969 c 0
 205.572 221.969 205.048 228.775 208.713 248.67 c 0
 214.473 280.607 209.236 288.461 180.965 293.173 c 0
 164.211 295.791 159.498 293.696 132.797 269.089 c 0
 86.7236 226.681 55.834 150.765 55.834 76.9424 c 0
 55.834 50.2412 57.9277 42.3877 68.9229 29.2988 c 0
 84.6299 10.4502 108.189 5.21484 143.792 12.5449 c 1
 166.305 17.7803 175.729 24.0625 208.713 56.5234 c 0
 230.179 77.4658 253.739 105.738 261.592 118.827 c 0
 276.253 143.435 289.342 150.241 294.577 136.104 c 0
 298.766 125.634 253.217 63.8535 216.566 30.3457 c 0
 178.87 -3.68555 163.688 -11.0156 122.85 -15.2041 c 0
 95.1006 -17.8223 90.3887 -16.7744 67.876 -1.06836 c 0
 39.6035 18.3037 30.1787 37.1523 30.1787 77.9893 c 1
 29.1318 154.43 60.0225 230.869 113.426 286.366 c 0
EndSplineSet
Substitution2: "Small Caps-1" c.sc
Colour: ffff
EndChar

StartChar: d
Encoding: 100 100 11
Width: 325
VWidth: 0
Flags: HMW
AnchorPoint: "horn" 300 550 basechar 0
AnchorPoint: "topright" 300 550 basechar 0
AnchorPoint: "center" 163 250 basechar 0
AnchorPoint: "boxcenter" 163 250 basechar 0
AnchorPoint: "ogonek" 163 0 basechar 0
AnchorPoint: "btmdiac" 163 0 basechar 0
AnchorPoint: "topdiac" 163 550 basechar 0
LayerCount: 2
Fore
SplineSet
237.396 462.283 m 0
 241.584 469.612 250.484 469.612 250.484 463.33 c 0
 250.484 457.047 240.015 450.241 236.35 453.906 c 0
 234.779 455.477 235.303 459.142 237.396 462.283 c 0
201.496 449.193 m 0
 205.684 462.283 209.873 466.472 215.631 464.377 c 0
 222.438 461.759 222.961 439.246 220.344 272.23 c 0
 218.773 168.042 216.154 70.1357 214.061 54.4297 c 1
 212.49 37.6758 213.537 19.3506 217.203 10.4502 c 2
 222.961 -4.7334 l 1
 236.051 7.83203 l 1
 243.904 14.6387 255.422 32.9639 262.229 48.1465 c 0
 274.27 75.8965 290.5 85.3193 290.5 64.9004 c 0
 290.5 48.6699 264.846 1.02637 249.139 -12.0625 c 0
 218.25 -38.2412 196.783 -21.4873 192.072 31.3926 c 1
 189.453 66.4717 l 1
 178.982 52.335 l 2
 173.746 44.4814 160.135 28.251 149.139 16.209 c 0
 130.814 -3.68555 127.15 -5.78027 103.59 -5.25684 c 0
 67.9883 -4.7334 59.6113 -1.5918 47.0449 14.6387 c 0
 39.1914 25.6338 36.0508 38.7227 35.0039 69.0889 c 0
 33.4336 106.785 34.4805 112.021 53.8516 151.288 c 0
 64.8457 174.324 80.5527 200.503 87.8828 209.403 c 0
 95.7363 218.827 102.02 228.775 102.02 231.916 c 0
 102.02 234.534 107.254 239.77 113.014 243.435 c 1
 119.297 246.576 135.004 257.047 147.568 266.995 c 0
 160.658 276.942 176.365 284.796 183.695 284.796 c 0
 198.354 284.796 197.83 283.226 196.26 372.23 c 0
 195.736 405.738 197.83 438.723 201.496 449.193 c 0
185.789 104.691 m 0
 195.213 126.157 196.26 138.723 195.213 197.885 c 2
 193.643 266.472 l 1
 169.035 253.382 l 2
 155.422 246.053 138.668 234.534 131.338 227.728 c 0
 110.396 208.356 78.459 158.618 72.1758 135.581 c 0
 69.0352 124.062 62.752 102.073 58.0391 86.3662 c 0
 52.2812 64.9004 51.7578 55.4766 55.9453 47.0996 c 0
 67.4648 25.1104 77.4121 17.7803 96.7832 17.7803 c 0
 113.537 17.7803 119.82 21.9688 145.998 48.6699 c 0
 162.229 65.9473 180.029 91.0781 185.789 104.691 c 0
EndSplineSet
Substitution2: "Small Caps-1" d.sc
Colour: ffff
EndChar

StartChar: e
Encoding: 101 101 12
Width: 325
VWidth: 0
Flags: HMW
AnchorPoint: "topright" 300 380 basechar 0
AnchorPoint: "horn" 300 380 basechar 0
AnchorPoint: "center" 163 160 basechar 0
AnchorPoint: "boxcenter" 163 250 basechar 0
AnchorPoint: "topdiac" 163 380 basechar 0
AnchorPoint: "ogonek" 163 0 basechar 0
AnchorPoint: "btmdiac" 163 0 basechar 0
LayerCount: 2
Fore
SplineSet
175.413 309.685 m 0
 186.992 311.264 202.256 312.315 209.624 312.842 c 0
 224.36 313.895 255.939 297.053 260.15 285.474 c 0
 263.834 275.474 233.308 214.421 213.834 193.368 c 0
 193.834 171.789 180.15 166.526 131.203 160.737 c 0
 103.308 157.579 89.624 158.105 84.3604 162.315 c 0
 74.3604 170.737 69.0977 160.737 64.3604 125.474 c 0
 59.0977 83.8945 65.4131 51.2627 82.7812 27.0527 c 0
 96.4658 7.5791 100.15 6 120.677 6.52637 c 0
 150.677 7.05273 179.098 18.6318 199.624 38.1055 c 0
 223.834 60.7373 262.256 116.526 262.256 128.105 c 0
 262.256 141.789 265.939 144.947 278.571 141.789 c 0
 298.571 136.526 289.624 111.264 246.466 54.9473 c 0
 236.466 41.7891 222.256 27.0527 214.887 22.8418 c 0
 207.519 18.1055 195.939 8.63184 188.571 1.78906 c 0
 168.571 -16.6318 148.571 -21.8945 114.887 -16.6318 c 0
 82.2559 -11.3682 62.7812 3.89453 45.4131 37.5791 c 0
 35.9395 55.4736 34.8867 64.4209 37.5186 103.368 c 0
 41.2031 152.315 57.5186 205.474 82.2559 244.947 c 0
 100.677 274.947 146.466 307.053 175.413 309.685 c 0
229.098 280.737 m 0
 212.256 293.895 143.834 280.737 121.203 259.685 c 0
 112.781 251.789 83.3076 198.632 83.3076 190.737 c 0
 83.3076 188.105 126.466 181.789 142.781 182.315 c 0
 174.36 182.842 199.624 204.421 222.256 249.158 c 0
 232.256 269.685 233.834 277.053 229.098 280.737 c 0
EndSplineSet
Substitution2: "Small Caps-1" e.sc
Colour: ffff
EndChar

StartChar: f
Encoding: 102 102 13
Width: 325
VWidth: 0
Flags: HMW
AnchorPoint: "horn" 300 550 basechar 0
AnchorPoint: "topright" 300 550 basechar 0
AnchorPoint: "center" 163 250 basechar 0
AnchorPoint: "boxcenter" 163 250 basechar 0
AnchorPoint: "ogonek" 163 0 basechar 0
AnchorPoint: "btmdiac" 163 0 basechar 0
AnchorPoint: "topdiac" 163 550 basechar 0
LayerCount: 2
Fore
SplineSet
188.333 468.042 m 1
 207.705 490.031 226.554 494.743 248.02 483.226 c 0
 261.108 476.419 256.92 470.136 236.501 465.947 c 0
 210.323 460.712 186.239 432.439 182.051 402.073 c 0
 179.956 387.938 174.721 363.33 171.056 347.623 c 0
 166.867 331.916 163.727 313.592 163.727 306.785 c 0
 163.727 294.743 164.773 294.22 204.563 295.791 c 0
 241.736 297.361 244.878 296.838 244.878 287.414 c 0
 244.878 278.513 239.643 276.419 205.611 271.707 c 2
 166.344 266.472 l 1
 167.391 221.969 l 1
 167.391 197.361 169.485 136.104 171.579 85.8428 c 0
 176.291 -38.7646 167.391 -82.7432 128.124 -124.628 c 0
 115.035 -139.288 98.8047 -143.477 93.5693 -134.576 c 0
 91.998 -132.481 98.8047 -119.393 109.275 -106.827 c 1
 138.071 -69.6543 148.543 -31.958 149.066 32.9639 c 0
 149.59 110.974 141.736 253.382 137.548 256 c 0
 134.931 257.57 119.224 258.618 101.422 259.142 c 0
 77.8623 259.665 69.4854 261.759 69.4854 267.519 c 0
 69.4854 276.419 90.9512 284.796 113.988 284.796 c 0
 133.883 284.796 137.024 287.938 140.166 312.021 c 0
 151.684 399.455 164.773 442.388 188.333 468.042 c 1
EndSplineSet
Substitution2: "Small Caps-1" f.sc
Colour: ffff
EndChar

StartChar: g
Encoding: 103 103 14
Width: 325
VWidth: 0
Flags: HMW
AnchorPoint: "topright" 300 380 basechar 0
AnchorPoint: "horn" 300 380 basechar 0
AnchorPoint: "center" 163 160 basechar 0
AnchorPoint: "boxcenter" 163 250 basechar 0
AnchorPoint: "btmdiac" 163 -200 basechar 0
AnchorPoint: "ogonek" 163 -200 basechar 0
AnchorPoint: "topdiac" 163 380 basechar 0
LayerCount: 2
Fore
SplineSet
181.38 310.211 m 0
 195.064 314.947 198.223 313.895 205.591 304.947 c 0
 209.802 299.158 212.433 298.105 212.959 302.315 c 0
 212.959 305.474 216.117 308.632 220.328 308.632 c 0
 232.959 308.632 238.223 296 241.38 257.579 c 0
 245.591 211.789 253.485 186.526 260.328 198.105 c 0
 270.328 213.895 269.275 199.685 259.802 179.685 c 1
 252.959 166.526 250.328 152.842 251.906 142.842 c 0
 253.485 134.421 255.064 102.315 255.591 71.7891 c 0
 256.117 41.2627 257.696 13.3682 258.749 10.2109 c 0
 260.328 6.52637 269.275 2.31543 279.275 0.210938 c 0
 315.591 -6.63184 316.117 -29.7891 279.802 -27.1582 c 2
 257.696 -25.5791 l 1
 254.538 -59.7891 l 2
 249.275 -114 230.328 -162.947 204.012 -186.632 c 1
 173.485 -215.053 155.064 -222.947 115.064 -222.947 c 0
 80.3281 -222.947 75.5908 -221.368 53.4854 -204.526 c 0
 31.9062 -187.685 29.2754 -183.474 26.1172 -158.211 c 0
 23.4854 -138.737 25.0645 -124.526 30.3281 -111.895 c 0
 39.2754 -90.3154 80.8545 -57.1582 130.328 -33.4736 c 0
 149.802 -24 165.591 -14.5264 165.591 -12.4209 c 0
 165.591 -10.3154 168.749 -8.7373 172.433 -8.7373 c 0
 175.591 -8.7373 191.38 -6.10547 206.644 -2.4209 c 2
 234.012 4.4209 l 1
 234.012 35.4736 l 2
 234.012 52.3154 231.906 66.5264 228.749 66.5264 c 0
 226.117 66.5264 216.117 56 206.644 43.3682 c 0
 179.802 8.10547 137.696 -19.2627 105.591 -21.3682 c 0
 71.3799 -24 56.6436 -16.1055 35.5908 16 c 0
 20.8535 37.5791 18.2227 46 18.2227 72.3154 c 0
 18.2227 119.685 38.749 168.105 87.6963 237.579 c 0
 112.433 272.842 145.591 298.632 181.38 310.211 c 0
214.538 265.474 m 0
 212.959 277.579 210.328 287.053 208.223 287.053 c 1
 206.644 286.526 195.591 284.947 184.012 282.842 c 0
 163.485 279.158 154.538 273.895 121.906 242.842 c 0
 103.485 226 70.8545 174.947 70.8545 163.368 c 0
 70.8545 159.685 68.2227 154.947 65.5908 153.368 c 0
 57.6963 148.632 46.6436 120.211 42.4326 93.8945 c 0
 37.1699 60.7373 43.4854 36.5264 61.9062 18.1055 c 0
 76.1172 3.89453 80.8545 2.31543 101.906 4.4209 c 0
 130.328 7.5791 169.802 32.3154 187.17 57.5791 c 0
 193.485 67.0527 206.117 81.7891 214.538 91.2637 c 2
 229.802 107.579 l 1
 223.485 175.474 l 2
 220.328 212.315 216.117 252.842 214.538 265.474 c 0
230.328 -55.5791 m 2
 232.433 -28.2109 l 1
 213.485 -28.2109 l 2
 202.959 -28.2109 185.064 -32.9473 173.485 -38.2109 c 0
 161.906 -44 139.275 -54.5264 123.485 -61.3682 c 0
 81.3799 -80.3154 44.5381 -119.263 44.5381 -146.105 c 0
 44.5381 -204.526 132.959 -220.842 186.117 -172.421 c 0
 208.749 -152.421 226.644 -105.579 230.328 -55.5791 c 2
EndSplineSet
Substitution2: "Small Caps-1" g.sc
Colour: ffff
EndChar

StartChar: h
Encoding: 104 104 15
Width: 325
VWidth: 0
Flags: HMW
AnchorPoint: "horn" 300 550 basechar 0
AnchorPoint: "topright" 300 550 basechar 0
AnchorPoint: "center" 163 250 basechar 0
AnchorPoint: "boxcenter" 163 250 basechar 0
AnchorPoint: "ogonek" 163 0 basechar 0
AnchorPoint: "btmdiac" 163 0 basechar 0
AnchorPoint: "topdiac" 163 550 basechar 0
LayerCount: 2
Fore
SplineSet
23.7637 464.377 m 0
 31.6172 484.271 38.4229 478.513 44.7061 445.529 c 0
 52.0361 409.403 53.083 381.654 47.8477 318.827 c 2
 43.6592 266.472 l 1
 56.2256 275.896 l 1
 77.6904 291.078 104.392 303.645 130.046 310.974 c 0
 151.513 316.733 156.748 316.209 175.596 307.832 c 0
 193.397 299.979 198.109 294.743 207.01 269.612 c 0
 215.91 244.481 217.481 230.346 215.91 173.801 c 0
 214.863 137.676 216.433 87.9385 220.099 63.8535 c 0
 225.334 26.1572 227.952 20.3984 237.376 18.8271 c 0
 245.753 17.7803 252.56 23.5391 264.078 39.7695 c 0
 285.021 70.1357 295.491 78.5127 302.821 71.1836 c 0
 316.433 57.5703 260.413 -3.16211 234.235 -3.16211 c 0
 201.251 -3.16211 192.874 31.916 191.303 174.324 c 0
 190.779 237.676 188.686 253.906 180.832 270.136 c 0
 170.884 289.508 169.837 290.031 145.753 287.938 c 0
 111.722 285.319 96.0146 277.989 69.8369 251.812 c 0
 45.7529 227.728 37.8994 202.073 42.6123 163.854 c 0
 44.1826 153.906 45.7529 112.545 46.8008 71.707 c 0
 48.3711 13.0684 47.3242 -3.16211 42.0879 -3.16211 c 0
 27.4287 -3.16211 24.8105 17.7803 21.1455 166.995 c 0
 19.0518 244.481 20.0986 302.597 23.7637 329.299 c 0
 27.9521 359.665 27.9521 381.654 23.7637 410.45 c 0
 20.0986 438.199 20.0986 453.906 23.7637 464.377 c 0
EndSplineSet
Substitution2: "Small Caps-1" h.sc
Colour: ffff
EndChar

StartChar: i
Encoding: 105 105 16
Width: 325
VWidth: 0
Flags: HMW
AnchorPoint: "topright" 300 380 basechar 0
AnchorPoint: "horn" 300 380 basechar 0
AnchorPoint: "center" 163 160 basechar 0
AnchorPoint: "boxcenter" 163 250 basechar 0
AnchorPoint: "ogonek" 163 0 basechar 0
AnchorPoint: "btmdiac" 163 0 basechar 0
LayerCount: 2
Fore
SplineSet
147.924 417.579 m 1
 158.45 422.315 163.713 422.315 175.292 416.526 c 1
 189.503 408.632 195.819 398.632 195.819 382.315 c 0
 195.819 369.158 186.346 362.842 160.557 358.632 c 0
 139.503 355.474 137.924 356 132.135 370.211 c 0
 124.767 389.158 131.609 409.158 147.924 417.579 c 1
138.562 286.366 m 0
 136.991 298.932 138.038 300.503 152.698 300.503 c 2
 168.929 300.503 l 1
 166.311 161.759 l 2
 164.217 58.6182 165.264 21.9688 169.452 18.3037 c 0
 174.164 14.6387 182.018 17.2568 195.106 26.6807 c 0
 206.102 34.5342 217.62 38.7227 222.332 36.6279 c 0
 229.661 34.0107 228.614 30.8691 217.096 15.1621 c 1
 195.106 -13.1104 152.175 -15.2041 145.368 11.4971 c 0
 143.798 16.7334 142.751 77.4658 142.227 146.576 c 0
 142.227 215.162 141.703 271.707 141.18 271.707 c 0
 140.656 271.707 139.609 277.989 138.562 286.366 c 0
EndSplineSet
Substitution2: "Dotless forms-1" dotlessi
Substitution2: "Small Caps-1" i.sc
Colour: ffffff
EndChar

StartChar: j
Encoding: 106 106 17
Width: 325
VWidth: 0
Flags: HMW
AnchorPoint: "topright" 300 380 basechar 0
AnchorPoint: "horn" 300 380 basechar 0
AnchorPoint: "center" 163 160 basechar 0
AnchorPoint: "boxcenter" 163 250 basechar 0
AnchorPoint: "btmdiac" 163 -200 basechar 0
AnchorPoint: "ogonek" 163 -200 basechar 0
LayerCount: 2
Fore
SplineSet
144.917 402.073 m 0
 161.146 419.351 181.043 419.874 192.561 403.12 c 0
 200.414 391.078 199.891 388.984 188.896 374.324 c 0
 175.283 356 156.436 352.858 141.252 366.995 c 0
 128.687 378.513 129.21 385.319 144.917 402.073 c 0
154.265 297.053 m 1
 166.37 306 179.001 312.315 181.633 311.789 c 0
 184.791 310.737 186.37 287.053 185.317 250.211 c 0
 181.106 82.3154 179.001 14.9473 176.896 0.737305 c 0
 172.159 -33.4736 162.159 -79.2627 154.791 -101.368 c 0
 138.476 -149.263 103.212 -195.579 87.4229 -189.789 c 0
 75.8438 -185.053 76.8965 -171.895 89.5273 -167.685 c 0
 98.4756 -165.053 110.58 -143.474 136.896 -83.4736 c 0
 151.106 -51.8945 160.054 37.0527 160.58 152.315 c 0
 161.633 281.264 163.738 273.368 138.476 262.842 c 0
 134.265 261.264 131.633 264.421 131.633 270.737 c 0
 131.633 277.579 140.054 287.579 154.265 297.053 c 1
EndSplineSet
Substitution2: "Dotless forms-1" dotlessj
Substitution2: "Small Caps-1" j.sc
Colour: ffff
EndChar

StartChar: k
Encoding: 107 107 18
Width: 325
VWidth: 0
Flags: HMW
AnchorPoint: "horn" 300 550 basechar 0
AnchorPoint: "topright" 300 550 basechar 0
AnchorPoint: "center" 163 250 basechar 0
AnchorPoint: "boxcenter" 163 250 basechar 0
AnchorPoint: "ogonek" 163 0 basechar 0
AnchorPoint: "btmdiac" 163 0 basechar 0
AnchorPoint: "topdiac" 163 550 basechar 0
LayerCount: 2
Fore
SplineSet
37.8203 484.271 m 1
 39.3906 487.414 45.6729 488.984 51.4326 487.938 c 0
 61.3799 486.366 61.9033 482.701 61.9033 393.173 c 2
 61.3799 300.503 l 1
 78.6572 313.592 l 2
 107.453 335.581 155.621 354.43 183.894 354.953 c 0
 215.83 355.477 238.867 342.911 238.867 325.11 c 0
 238.867 310.45 211.642 252.335 198.553 238.723 c 0
 167.663 206.785 168.187 209.927 183.37 178.513 c 0
 190.699 162.807 199.6 132.439 202.741 111.497 c 0
 205.883 90.0312 211.642 64.9004 215.83 54.9531 c 0
 220.019 45.5293 223.16 32.9639 223.16 27.2041 c 0
 223.16 7.30859 239.391 10.4502 259.81 34.0107 c 0
 274.993 51.2881 281.275 55.4766 285.987 51.2881 c 0
 290.699 46.5762 289.129 40.293 278.657 24.0625 c 0
 271.328 12.5449 260.856 -0.544922 255.098 -4.20898 c 0
 239.914 -14.6807 213.213 -9.96875 207.453 4.16797 c 0
 185.987 59.665 180.752 77.4658 178.134 109.403 c 0
 174.993 153.382 162.428 182.178 146.197 184.272 c 0
 139.391 185.319 134.155 183.749 134.155 181.131 c 0
 134.155 178.513 127.872 173.801 120.019 170.136 c 0
 111.642 166.472 95.9346 157.57 84.417 149.718 c 0
 72.8984 142.388 62.9512 135.581 61.9033 135.058 c 0
 58.7627 133.487 60.333 19.874 63.998 5.73828 c 0
 67.1396 -6.82715 66.0918 -8.39746 53.5264 -8.39746 c 0
 37.2959 -8.39746 37.8203 -14.1572 39.9141 122.492 c 0
 40.9609 172.754 41.4854 227.204 42.0088 242.911 c 0
 42.0088 258.618 40.4375 318.304 38.3438 375.372 c 0
 36.249 432.439 35.7256 481.654 37.8203 484.271 c 1
209.548 329.299 m 0
 196.459 339.246 184.94 338.199 145.149 324.062 c 0
 83.8936 302.073 67.1396 274.324 66.6162 194.743 c 0
 66.0918 163.854 71.8525 156.523 81.7988 174.849 c 0
 84.9404 180.607 90.1758 185.319 92.7939 185.319 c 0
 101.694 185.319 161.38 231.393 176.563 249.718 c 0
 183.894 259.142 196.459 279.037 204.836 294.22 c 0
 219.495 320.922 219.495 321.969 209.548 329.299 c 0
EndSplineSet
Substitution2: "Small Caps-1" k.sc
Colour: ffff
EndChar

StartChar: l
Encoding: 108 108 19
Width: 325
VWidth: 0
Flags: HMW
AnchorPoint: "horn" 300 550 basechar 0
AnchorPoint: "topright" 300 550 basechar 0
AnchorPoint: "center" 163 250 basechar 0
AnchorPoint: "boxcenter" 163 250 basechar 0
AnchorPoint: "ogonek" 163 0 basechar 0
AnchorPoint: "btmdiac" 163 0 basechar 0
AnchorPoint: "topdiac" 163 550 basechar 0
LayerCount: 2
Fore
SplineSet
140.445 473.368 m 0
 152.551 490.211 160.445 491.789 160.445 477.053 c 0
 160.445 469.685 163.077 467.579 168.866 470.211 c 0
 174.129 472.315 182.551 467.053 193.077 455.474 c 2
 209.393 438.105 l 1
 206.234 379.685 l 2
 203.077 322.315 195.708 293.895 171.498 246 c 0
 163.603 230.211 161.498 213.368 160.972 145.474 c 0
 160.972 100.737 162.024 56 163.603 47.0527 c 0
 168.34 21.2627 182.024 24.9473 204.655 58.6318 c 0
 232.024 99.6846 250.972 97.0527 230.445 55.4736 c 0
 218.34 31.7891 202.551 12.3154 189.919 4.94727 c 1
 174.129 -3.47363 150.445 6.52637 146.761 23.3682 c 0
 145.182 31.2627 141.498 46.5264 138.866 57.5791 c 1
 135.708 68.1055 135.182 79.1582 136.761 81.7891 c 0
 142.024 90.7373 140.972 182.842 135.708 188.105 c 0
 132.024 191.789 126.234 188.105 118.866 177.579 c 0
 112.024 168.632 102.551 158.632 96.7607 156 c 1
 77.2871 144.947 85.1816 174.421 110.972 206 c 0
 136.761 237.579 137.813 241.789 132.024 287.579 c 0
 130.445 303.368 126.234 343.368 123.603 376.526 c 0
 118.34 438.632 118.866 442.842 140.445 473.368 c 0
180.972 430.737 m 1
 173.077 456 159.393 457.053 150.972 433.368 c 0
 144.655 415.474 147.813 306 155.182 284.947 c 0
 158.866 274.947 158.866 274.947 164.655 286 c 0
 168.34 292.315 174.655 322.842 179.393 353.895 c 0
 186.234 400.737 186.761 414.421 180.972 430.737 c 1
EndSplineSet
Substitution2: "Small Caps-1" l.sc
Colour: ffffff
EndChar

StartChar: m
Encoding: 109 109 20
Width: 325
VWidth: 0
Flags: HMW
AnchorPoint: "topright" 300 380 basechar 0
AnchorPoint: "horn" 300 380 basechar 0
AnchorPoint: "center" 163 160 basechar 0
AnchorPoint: "boxcenter" 163 250 basechar 0
AnchorPoint: "topdiac" 163 380 basechar 0
AnchorPoint: "ogonek" 163 0 basechar 0
AnchorPoint: "btmdiac" 163 0 basechar 0
LayerCount: 2
Fore
SplineSet
132.253 302.315 m 0
 149.095 310.737 152.779 310.737 163.306 304.421 c 0
 169.621 300.211 176.463 291.264 178.042 284.421 c 2
 181.2 272.315 l 1
 198.042 284.947 l 2
 206.989 291.789 221.2 300.211 229.621 303.368 c 0
 242.779 308.105 246.463 307.579 256.463 298.105 c 0
 266.989 288.105 268.568 280.211 271.2 220.211 c 0
 272.779 183.368 275.41 146.526 276.989 137.579 c 0
 278.042 129.158 280.674 101.789 282.779 77.0527 c 0
 286.463 37.5791 294.884 -1.36816 295.41 18.6318 c 0
 295.937 22.8418 301.2 33.3682 308.042 42.3154 c 0
 314.884 51.2627 321.727 62.8418 323.831 68.1055 c 0
 325.41 72.8418 331.2 77.0527 335.41 77.0527 c 0
 346.989 77.0527 341.727 52.8418 321.2 12.3154 c 0
 306.989 -16.1055 304.884 -18.2109 289.095 -16.6318 c 0
 273.831 -15.0527 272.253 -12.9473 268.568 8.63184 c 0
 259.095 64.4209 246.989 183.895 245.41 231.264 c 0
 244.884 259.685 242.779 284.421 240.674 286.526 c 0
 236.989 290.211 195.937 246.526 195.937 238.632 c 0
 195.937 236.526 190.674 227.579 184.884 219.685 c 0
 174.884 206 173.831 199.685 176.989 165.474 c 0
 188.042 30.2109 185.937 -15.0527 169.621 -15.0527 c 0
 163.306 -15.0527 162.253 -6.63184 163.306 29.6846 c 0
 163.831 54.4209 161.727 91.7891 157.516 112.842 c 1
 151.2 149.158 150.674 170.211 154.357 251.789 c 0
 155.41 271.264 154.357 288.632 152.253 290.737 c 0
 146.463 297.053 128.568 277.053 102.779 236.526 c 1
 79.0947 198.105 l 1
 84.3574 157.579 l 2
 90.1475 109.158 87.5156 -1.89453 80.1475 -9.2627 c 0
 67.5156 -21.8945 63.8311 0.210938 61.7266 90.7373 c 0
 59.0947 223.368 54.8838 263.895 42.2529 275.474 c 0
 32.2529 284.421 31.2002 284.421 23.3047 273.895 c 0
 18.042 267.579 10.1475 254.947 4.88379 245.474 c 0
 0.147461 236.526 -7.2207 229.685 -10.9053 231.264 c 0
 -20.3789 234.421 -17.2207 266 -5.11621 281.789 c 0
 14.3574 307.579 63.3057 294.421 76.4629 260.211 c 0
 78.042 255.474 84.8838 260.211 95.9365 273.368 c 0
 105.41 284.421 121.727 297.579 132.253 302.315 c 0
EndSplineSet
Substitution2: "Small Caps-1" m.sc
Colour: ffff
EndChar

StartChar: n
Encoding: 110 110 21
Width: 325
VWidth: 0
Flags: HMW
AnchorPoint: "topright" 300 380 basechar 0
AnchorPoint: "horn" 300 380 basechar 0
AnchorPoint: "center" 163 160 basechar 0
AnchorPoint: "boxcenter" 163 250 basechar 0
AnchorPoint: "topdiac" 163 380 basechar 0
AnchorPoint: "ogonek" 163 0 basechar 0
AnchorPoint: "btmdiac" 163 0 basechar 0
LayerCount: 2
Fore
SplineSet
189.088 307.053 m 0
 208.035 322.315 224.879 322.315 238.562 307.579 c 0
 248.562 296.526 249.088 291.264 245.93 245.474 c 0
 238.562 138.105 244.352 18.6318 256.457 10.7373 c 0
 262.246 7.05273 288.035 20.7373 300.141 34.4209 c 0
 310.668 46 329.615 49.6846 329.615 39.6846 c 0
 329.615 36.5264 317.51 22.3154 303.299 8.10547 c 0
 284.352 -10.3154 272.773 -17.6846 262.246 -17.6846 c 0
 240.668 -17.6846 236.457 -12.9473 226.982 24.4209 c 0
 218.562 56 216.457 149.685 221.193 271.789 c 0
 222.246 297.579 212.773 295.474 164.879 256.526 c 0
 102.246 205.474 98.5625 197.579 93.8262 84.4209 c 0
 90.1406 -5.05273 89.6152 -9.78906 79.0879 -11.3682 c 0
 68.5625 -12.9473 68.5625 -11.8945 70.668 122.842 c 1
 72.2461 260.211 69.6152 287.579 53.8262 287.579 c 0
 49.6152 287.579 39.6152 279.685 32.2461 269.685 c 0
 16.9824 249.685 8.03516 244.421 -1.4375 250.737 c 1
 -11.4375 256.526 3.29883 282.315 26.9824 300.737 c 1
 43.8262 312.842 48.0352 314.421 59.0879 309.158 c 0
 66.457 306 73.2988 299.685 74.8789 295.474 c 0
 76.9824 291.264 81.1934 287.579 85.4043 287.579 c 0
 90.1406 287.579 93.8262 278.105 95.9297 260.737 c 2
 99.6152 233.895 l 1
 122.246 257.053 l 2
 134.879 270.211 151.721 283.895 159.615 287.579 c 0
 167.51 291.789 181.193 300.737 189.088 307.053 c 0
EndSplineSet
Substitution2: "Small Caps-1" n.sc
Colour: ffff
EndChar

StartChar: o
Encoding: 111 111 22
Width: 325
VWidth: 0
Flags: HMW
AnchorPoint: "topright" 300 380 basechar 0
AnchorPoint: "horn" 300 380 basechar 0
AnchorPoint: "center" 163 160 basechar 0
AnchorPoint: "boxcenter" 163 250 basechar 0
AnchorPoint: "topdiac" 163 380 basechar 0
AnchorPoint: "ogonek" 130 10 basechar 0
AnchorPoint: "btmdiac" 163 0 basechar 0
LayerCount: 2
Fore
SplineSet
121.02 299.158 m 0
 133.651 310.211 143.125 313.368 161.546 313.895 c 0
 220.493 314.421 258.388 274.421 264.703 205.474 c 0
 270.493 139.685 236.282 41.2627 194.703 3.36816 c 0
 176.809 -12.9473 170.493 -15.0527 139.967 -16.6318 c 0
 106.282 -18.7373 105.756 -18.2109 83.6514 2.8418 c 0
 58.3877 26.5264 58.3877 26.5264 60.4932 119.158 c 1
 63.125 211.264 80.4932 263.895 121.02 299.158 c 0
182.072 279.158 m 0
 177.861 282.842 167.861 287.579 159.967 289.685 c 0
 148.388 292.315 143.125 289.685 128.388 272.315 c 0
 99.4404 238.105 92.0723 210.737 88.9141 121.264 c 0
 85.7559 44.9473 86.2822 40.7373 97.335 24.9473 c 0
 107.861 10.2109 112.072 8.63184 135.229 8.63184 c 0
 150.493 8.63184 166.809 12.3154 174.703 17.0527 c 0
 209.967 40.2109 247.335 148.632 239.44 204.947 c 0
 234.178 243.895 215.229 278.632 201.02 274.947 c 0
 195.229 273.368 186.809 275.474 182.072 279.158 c 0
EndSplineSet
Substitution2: "Small Caps-1" o.sc
Colour: ffff
EndChar

StartChar: p
Encoding: 112 112 23
Width: 325
VWidth: 0
Flags: HMW
AnchorPoint: "topright" 300 380 basechar 0
AnchorPoint: "horn" 300 380 basechar 0
AnchorPoint: "center" 163 160 basechar 0
AnchorPoint: "boxcenter" 163 250 basechar 0
AnchorPoint: "ogonek" 163 -200 basechar 0
AnchorPoint: "btmdiac" 163 -200 basechar 0
AnchorPoint: "topdiac" 163 380 basechar 0
LayerCount: 2
Fore
SplineSet
89.3018 319.158 m 0
 99.3018 324.421 108.775 328.632 110.881 329.158 c 0
 116.144 329.685 130.881 300.737 130.881 289.685 c 0
 130.881 281.789 131.934 281.264 140.354 288.632 c 0
 145.091 293.368 161.934 300.737 176.67 305.474 c 0
 208.775 316 253.512 312.842 270.354 299.158 c 0
 304.564 270.211 316.144 162.842 291.407 98.6318 c 0
 276.144 58.1055 238.775 17.0527 211.934 11.2627 c 0
 202.46 9.68457 190.881 3.36816 185.617 -2.4209 c 0
 180.881 -7.68457 173.512 -12.4209 170.354 -12.4209 c 0
 166.67 -12.4209 160.881 -16.1055 157.196 -20.3154 c 0
 153.512 -24.5264 145.091 -28.2109 138.249 -28.2109 c 0
 123.512 -28.2109 124.038 -26.6318 123.512 -105.579 c 0
 122.986 -165.053 116.67 -188.211 106.144 -167.158 c 0
 101.407 -157.685 96.6699 -56.6318 98.249 0.737305 c 0
 99.3018 32.8418 99.3018 71.2627 98.249 103.368 c 0
 97.1963 138.105 103.512 255.474 107.723 278.632 c 0
 112.46 303.895 105.091 303.895 78.249 278.632 c 0
 63.5117 265.474 57.1963 255.474 57.1963 244.947 c 0
 57.1963 237.053 54.5645 228.632 51.4072 227.053 c 0
 44.0381 222.315 43.5117 223.368 39.3018 248.632 c 1
 36.6699 268.632 38.249 272.842 54.0381 290.211 c 0
 63.5117 301.264 79.3018 314.421 89.3018 319.158 c 0
251.934 278.632 m 0
 243.512 286.526 230.881 292.842 224.564 292.315 c 0
 203.512 291.789 167.196 278.105 154.564 266.526 c 0
 141.407 253.895 125.617 212.315 125.091 189.158 c 0
 123.512 95.4736 123.512 -1.89453 124.564 -1.89453 c 0
 125.091 -1.89453 135.091 2.8418 146.67 8.63184 c 0
 157.723 14.4209 179.828 23.8945 195.091 29.6846 c 0
 232.986 44.4209 241.934 52.8418 261.934 93.3682 c 0
 277.196 124.421 278.775 132.842 279.302 174.947 c 1
 279.302 233.368 272.46 260.737 251.934 278.632 c 0
20.3545 232.315 m 0
 20.3545 236.526 24.0381 240.211 28.249 240.211 c 0
 32.9854 240.211 34.5645 237.053 32.9854 232.315 c 1
 30.8809 228.105 27.7227 224.421 25.0908 224.421 c 0
 22.46 224.421 20.3545 228.105 20.3545 232.315 c 0
EndSplineSet
Substitution2: "Small Caps-1" p.sc
Colour: ffff
EndChar

StartChar: q
Encoding: 113 113 24
Width: 325
VWidth: 0
Flags: HMW
AnchorPoint: "topright" 300 380 basechar 0
AnchorPoint: "horn" 300 380 basechar 0
AnchorPoint: "center" 163 160 basechar 0
AnchorPoint: "boxcenter" 163 250 basechar 0
AnchorPoint: "ogonek" 163 -200 basechar 0
AnchorPoint: "btmdiac" 163 -200 basechar 0
AnchorPoint: "topdiac" 163 380 basechar 0
LayerCount: 2
Fore
SplineSet
146.406 320.398 m 0
 179.914 333.487 198.239 334.534 227.034 323.539 c 0
 254.26 313.068 257.925 296.838 244.312 241.341 c 0
 238.553 216.733 238.553 203.644 243.265 172.23 c 0
 246.406 150.765 248.501 130.346 246.93 126.681 c 0
 243.265 115.686 240.124 -128.816 244.312 -128.816 c 0
 247.453 -128.816 264.207 -101.592 280.961 -68.6074 c 0
 289.338 -52.377 307.14 -44 307.14 -56.5654 c 0
 307.14 -60.7539 297.715 -82.7432 286.197 -105.78 c 0
 265.255 -146.618 245.359 -170.701 231.223 -170.701 c 0
 220.229 -170.701 216.563 -134.576 217.087 -41.3818 c 0
 217.61 5.21484 215.517 45.0049 213.422 46.5762 c 0
 210.805 48.1465 199.286 40.8164 188.291 30.3457 c 0
 155.83 -0.544922 143.789 -7.35059 112.898 -11.0156 c 0
 79.9141 -15.2041 50.0713 -5.78027 40.6475 11.4971 c 0
 18.1338 53.9062 10.8047 117.257 25.4639 149.193 c 0
 29.6523 159.142 41.1709 186.89 51.1182 211.497 c 0
 72.584 266.472 105.568 304.691 146.406 320.398 c 0
214.993 300.503 m 0
 207.663 303.645 194.051 305.738 185.149 305.738 c 0
 155.83 305.215 102.951 269.612 102.951 250.241 c 0
 102.951 246.576 98.2393 238.723 91.9561 232.964 c 0
 85.6738 227.204 73.1084 203.644 63.6836 180.607 c 0
 48.501 141.864 46.9297 133.487 47.4531 86.3662 c 0
 47.9766 38.1992 49.0244 34.0107 61.0664 23.5391 c 0
 72.584 13.5918 78.3438 12.5449 105.045 15.1621 c 0
 140.647 18.8271 154.26 27.2041 188.291 64.377 c 0
 208.71 87.4141 211.852 94.2197 214.993 123.539 c 0
 216.563 141.341 216.563 170.66 214.993 188.984 c 0
 212.898 208.356 213.422 224.586 216.563 228.251 c 0
 219.705 231.916 223.37 248.67 225.464 265.424 c 0
 228.605 294.22 228.082 295.791 214.993 300.503 c 0
EndSplineSet
Substitution2: "Small Caps-1" q.sc
Colour: ffff
EndChar

StartChar: r
Encoding: 114 114 25
Width: 325
VWidth: 0
Flags: HMW
AnchorPoint: "topright" 300 380 basechar 0
AnchorPoint: "horn" 300 380 basechar 0
AnchorPoint: "center" 163 160 basechar 0
AnchorPoint: "boxcenter" 163 250 basechar 0
AnchorPoint: "topdiac" 163 380 basechar 0
AnchorPoint: "ogonek" 163 0 basechar 0
AnchorPoint: "btmdiac" 163 0 basechar 0
LayerCount: 2
Fore
SplineSet
75.0312 288.632 m 0
 87.1367 299.685 100.82 308.632 105.031 308.632 c 0
 118.716 308.632 130.82 290.211 135.031 263.895 c 1
 138.189 239.685 l 1
 162.926 265.474 l 2
 189.769 293.895 211.347 303.368 247.663 301.789 c 0
 264.505 301.264 271.873 298.105 272.926 292.315 c 0
 273.979 285.474 268.189 282.842 245.558 280.211 c 0
 229.769 278.632 210.294 274.421 202.926 270.737 c 0
 187.137 263.895 142.926 203.368 136.084 179.685 c 0
 133.979 171.264 130.294 123.895 128.716 74.4209 c 0
 127.137 25.4736 125.031 -15.5791 123.979 -16.6318 c 0
 122.926 -18.2109 118.189 -17.6846 113.452 -16.1055 c 0
 107.137 -13.4736 105.558 -1.89453 104.505 43.8945 c 1
 104.505 74.9473 104.505 104.421 105.031 108.632 c 0
 105.558 112.842 106.61 153.895 107.663 199.685 c 0
 109.242 259.158 107.663 282.315 103.452 282.315 c 0
 100.294 282.315 89.2422 271.789 79.2422 259.158 c 0
 59.2422 234.421 52.9258 232.842 52.9258 254.421 c 0
 52.9258 263.895 59.7676 274.421 75.0312 288.632 c 0
281.873 287.053 m 0
 283.452 290.211 287.663 291.264 290.82 289.685 c 0
 293.979 287.579 293.979 284.421 290.294 280.737 c 0
 283.452 273.895 276.61 279.158 281.873 287.053 c 0
31.873 234.421 m 0
 31.873 243.895 33.9785 244.421 52.3994 240.737 c 0
 56.084 239.685 40.8203 224.421 36.6104 224.421 c 0
 33.9785 224.421 31.873 229.158 31.873 234.421 c 0
EndSplineSet
Substitution2: "Small Caps-1" r.sc
Colour: ffff
EndChar

StartChar: s
Encoding: 115 115 26
Width: 325
VWidth: 0
Flags: HMW
AnchorPoint: "topright" 300 380 basechar 0
AnchorPoint: "horn" 300 380 basechar 0
AnchorPoint: "center" 163 160 basechar 0
AnchorPoint: "boxcenter" 163 250 basechar 0
AnchorPoint: "topdiac" 163 380 basechar 0
AnchorPoint: "ogonek" 163 0 basechar 0
AnchorPoint: "btmdiac" 163 0 basechar 0
LayerCount: 2
Fore
SplineSet
160.346 316 m 0
 181.925 331.264 213.504 324.947 242.451 300.211 c 0
 258.767 286 258.24 256.526 240.872 240.211 c 0
 223.504 223.895 214.557 231.264 223.504 254.947 c 0
 229.293 269.685 228.767 272.842 217.188 284.947 c 0
 198.24 304.947 174.557 302.842 148.767 278.632 c 0
 128.767 259.158 124.557 247.579 126.661 215.474 c 0
 127.714 201.789 155.082 182.842 187.714 171.789 c 0
 200.346 167.579 221.398 152.315 241.398 132.842 c 0
 268.24 106 274.557 97.0527 277.188 77.0527 c 0
 280.346 57.0527 278.767 51.2627 266.135 32.3154 c 1
 245.608 3.36816 208.24 -16.1055 164.557 -20.3154 c 0
 122.978 -24.5264 89.293 -16.1055 75.082 1.78906 c 0
 69.8193 8.63184 63.5039 13.8945 60.3457 13.8945 c 0
 40.3457 13.8945 42.4512 63.3682 62.9775 85.4736 c 0
 74.5566 98.1055 76.6611 98.6318 84.0303 91.2637 c 0
 91.3984 83.8945 90.8721 81.7891 80.3457 66.5264 c 0
 55.6084 31.7891 85.082 7.5791 149.293 7.5791 c 1
 195.608 8.10547 231.398 22.3154 246.661 45.4736 c 0
 256.135 59.6846 258.767 69.1582 256.135 79.1582 c 0
 251.398 98.1055 204.557 137.053 158.767 160.737 c 0
 128.767 176 118.767 183.895 108.24 202.842 c 0
 94.0303 228.105 94.5566 246 109.819 276.526 c 0
 117.188 290.737 148.767 319.158 148.767 311.264 c 0
 148.767 309.685 154.03 311.789 160.346 316 c 0
209.293 250.211 m 0
 214.03 258.632 217.188 257.053 213.504 248.105 c 0
 211.925 243.368 209.293 240.737 208.24 242.315 c 0
 206.661 243.895 207.188 247.053 209.293 250.211 c 0
EndSplineSet
Substitution2: "Small Caps-1" s.sc
Colour: ffff
EndChar

StartChar: t
Encoding: 116 116 27
Width: 325
VWidth: 0
Flags: HMW
AnchorPoint: "topright" 300 380 basechar 0
AnchorPoint: "horn" 300 380 basechar 0
AnchorPoint: "center" 163 160 basechar 0
AnchorPoint: "boxcenter" 163 250 basechar 0
AnchorPoint: "topdiac" 163 380 basechar 0
AnchorPoint: "ogonek" 163 0 basechar 0
AnchorPoint: "btmdiac" 163 0 basechar 0
LayerCount: 2
Fore
SplineSet
108.289 393.368 m 0
 109.868 398.632 114.604 401.264 120.395 399.685 c 0
 129.868 397.053 130.395 394.947 139.342 325.474 c 1
 142.5 297.053 l 1
 185.657 298.105 l 2
 246.71 299.685 251.974 299.158 251.974 290.737 c 0
 251.974 282.315 239.342 279.158 184.604 273.895 c 0
 151.974 271.264 145.131 269.158 141.447 259.158 c 0
 135.657 244.421 135.131 9.68457 140.921 6.52637 c 0
 152.5 -0.841797 195.131 54.4209 211.447 98.1055 c 0
 224.079 132.315 237.236 147.053 246.184 137.579 c 0
 254.079 129.158 210.395 39.6846 183.553 8.63184 c 0
 160.395 -18.2109 158.815 -19.2627 139.868 -15.5791 c 0
 124.604 -12.9473 118.815 -8.21094 114.604 2.31543 c 0
 111.447 10.7373 109.868 64.4209 110.921 141.789 c 2
 113.026 267.579 l 1
 93.0264 264.421 l 2
 74.6045 261.264 73.0264 262.315 73.0264 273.895 c 0
 73.0264 286.526 81.4473 292.842 99.3418 292.842 c 0
 113.553 292.842 114.079 296 109.868 342.842 c 0
 107.763 365.474 107.236 388.632 108.289 393.368 c 0
EndSplineSet
Substitution2: "Small Caps-1" t.sc
Colour: ffff
EndChar

StartChar: u
Encoding: 117 117 28
Width: 325
VWidth: 0
Flags: HMW
AnchorPoint: "topright" 300 380 basechar 0
AnchorPoint: "horn" 300 380 basechar 0
AnchorPoint: "center" 163 160 basechar 0
AnchorPoint: "boxcenter" 163 250 basechar 0
AnchorPoint: "topdiac" 163 380 basechar 0
AnchorPoint: "ogonek" 260 10 basechar 0
AnchorPoint: "btmdiac" 163 0 basechar 0
LayerCount: 2
Fore
SplineSet
251.088 309.927 m 0
 251.611 316.733 267.318 318.827 267.318 312.545 c 0
 269.937 276.942 267.842 73.8008 264.701 65.4238 c 1
 263.13 59.1416 262.606 44.4814 264.701 32.9639 c 2
 268.365 12.0205 l 1
 290.879 36.6279 l 2
 310.774 58.0947 324.91 63.3301 324.91 49.1934 c 0
 324.91 46.5762 314.963 31.3926 303.444 15.1621 c 1
 288.784 -3.68555 277.79 -13.6338 270.46 -13.6338 c 0
 247.946 -13.6338 244.806 -6.30371 242.711 47.0996 c 0
 241.664 75.3721 240.094 99.4551 238.522 100.503 c 1
 235.905 103.644 232.24 99.4551 183.549 36.6279 c 0
 147.946 -9.96875 135.905 -18.8691 109.727 -18.8691 c 0
 92.9727 -18.8691 70.9834 -0.544922 68.8896 16.209 c 1
 62.6064 54.9531 66.7949 180.607 76.2188 254.953 c 0
 78.8369 274.849 78.3135 284.796 74.6484 284.796 c 0
 68.3652 284.796 40.6172 259.142 19.6748 232.964 c 0
 6.06152 216.733 -5.97949 213.068 3.44434 228.251 c 0
 6.06152 231.916 7.10938 240.293 6.58594 246.053 c 0
 5.01465 258.095 36.4287 288.984 65.2246 304.168 c 0
 79.3604 311.497 80.9307 311.497 92.9727 299.455 c 2
 105.538 286.89 l 1
 98.208 221.445 l 1
 88.2607 139.246 86.6904 19.3506 95.0674 9.40332 c 0
 111.298 -10.4922 137.999 8.87988 185.644 75.3721 c 0
 199.256 94.2197 217.057 115.162 225.434 122.492 c 2
 241.141 135.581 l 1
 243.234 208.88 l 2
 244.806 249.193 246.899 286.89 247.946 292.649 c 0
 249.518 298.408 251.088 306.262 251.088 309.927 c 0
EndSplineSet
Substitution2: "Small Caps-1" u.sc
Colour: ffff
EndChar

StartChar: v
Encoding: 118 118 29
Width: 325
VWidth: 0
Flags: HMW
AnchorPoint: "topright" 300 380 basechar 0
AnchorPoint: "horn" 300 380 basechar 0
AnchorPoint: "center" 163 160 basechar 0
AnchorPoint: "boxcenter" 163 250 basechar 0
AnchorPoint: "topdiac" 163 380 basechar 0
AnchorPoint: "ogonek" 163 0 basechar 0
AnchorPoint: "btmdiac" 163 0 basechar 0
LayerCount: 2
Fore
SplineSet
46.8535 291.789 m 0
 51.5898 299.685 65.8008 300.211 65.8008 292.842 c 0
 65.8008 289.685 70.0117 287.579 74.748 288.632 c 0
 81.5898 289.685 84.748 285.474 87.3799 271.789 c 0
 88.959 261.789 98.959 227.579 109.485 195.474 c 0
 120.012 163.895 133.695 120.211 140.012 99.6846 c 0
 146.854 78.6318 153.169 61.2627 154.748 61.2627 c 0
 156.327 61.2627 163.695 76 170.012 94.4209 c 1
 192.643 153.895 240.538 263.368 251.064 278.632 c 0
 256.854 286.526 264.748 292.842 268.433 292.842 c 0
 282.116 292.842 282.643 281.789 268.959 263.895 c 0
 261.59 254.421 255.274 243.368 255.274 240.211 c 0
 255.274 237.053 250.012 223.368 243.695 209.685 c 0
 222.116 162.315 186.854 74.4209 186.854 68.1055 c 0
 186.854 64.4209 182.116 51.2627 176.854 39.1582 c 0
 171.064 26.5264 165.274 10.2109 163.169 2.31543 c 1
 161.59 -7.1582 156.854 -12.4209 151.064 -12.4209 c 0
 143.695 -12.4209 140.538 -4.52637 135.801 27.0527 c 0
 132.116 48.6318 124.748 77.0527 118.433 89.6846 c 1
 112.643 102.842 107.906 116.526 107.906 120.211 c 0
 107.906 129.158 77.3799 217.579 67.9062 236 c 0
 63.6953 243.895 60.5381 255.474 60.5381 261.789 c 0
 60.5381 268.105 56.8535 276 51.5898 279.685 c 0
 46.8535 283.368 44.748 288.632 46.8535 291.789 c 0
EndSplineSet
Substitution2: "Small Caps-1" v.sc
Colour: ffff
EndChar

StartChar: w
Encoding: 119 119 30
Width: 325
VWidth: 0
Flags: HMW
AnchorPoint: "topright" 300 380 basechar 0
AnchorPoint: "horn" 300 380 basechar 0
AnchorPoint: "center" 163 160 basechar 0
AnchorPoint: "boxcenter" 163 250 basechar 0
AnchorPoint: "topdiac" 163 380 basechar 0
AnchorPoint: "ogonek" 163 0 basechar 0
AnchorPoint: "btmdiac" 163 0 basechar 0
LayerCount: 2
Fore
SplineSet
267.631 294.421 m 0
 269.736 296.526 273.42 298.105 276.052 298.105 c 0
 286.578 298.105 284.999 281.264 270.263 239.685 c 0
 257.631 204.421 252.894 178.105 246.052 109.685 c 0
 241.841 62.3154 236.578 20.7373 234.473 17.5791 c 0
 231.841 13.8945 230.263 4.4209 230.263 -4.52637 c 0
 230.263 -29.2627 212.367 -26.1055 202.894 0.737305 c 0
 199.21 12.3154 191.314 31.2627 186.052 42.8418 c 0
 176.578 62.3154 166.052 96.5264 155.525 139.685 c 0
 150.788 158.105 148.684 149.685 118.684 7.5791 c 0
 115.525 -9.2627 106.052 -18.7373 97.6309 -13.4736 c 0
 94.4727 -11.3682 89.21 20.7373 86.0518 58.6318 c 0
 82.3672 96.5264 77.6309 134.421 74.999 142.842 c 0
 72.3672 151.789 66.0518 174.421 61.8408 193.895 c 0
 57.1045 213.368 50.2617 240.211 46.5781 252.842 c 0
 40.7881 272.315 40.7881 278.632 46.0518 285.474 c 0
 51.8408 293.895 52.8936 293.895 59.21 282.315 c 0
 72.3672 258.105 106.578 127.053 107.104 99.1582 c 2
 107.631 79.6846 l 1
 112.367 95.4736 l 2
 118.684 117.579 134.473 203.895 133.946 216 c 0
 133.42 231.264 142.367 245.474 153.42 245.474 c 0
 161.314 245.474 163.946 238.105 169.21 204.947 c 0
 180.263 130.737 190.788 87.5791 201.841 66 c 0
 207.631 53.8945 213.42 45.4736 214.473 46.5264 c 0
 215.525 47.5791 218.684 80.2109 221.841 119.158 c 0
 227.104 186 236.052 227.579 255.525 271.789 c 0
 259.736 281.789 265.525 291.789 267.631 294.421 c 0
EndSplineSet
Substitution2: "Small Caps-1" w.sc
Colour: ffff
EndChar

StartChar: x
Encoding: 120 120 31
Width: 325
VWidth: 0
Flags: HMW
AnchorPoint: "topright" 300 380 basechar 0
AnchorPoint: "horn" 300 380 basechar 0
AnchorPoint: "center" 163 160 basechar 0
AnchorPoint: "boxcenter" 163 250 basechar 0
AnchorPoint: "topdiac" 163 380 basechar 0
AnchorPoint: "ogonek" 163 0 basechar 0
AnchorPoint: "btmdiac" 163 0 basechar 0
LayerCount: 2
Fore
SplineSet
241.176 296.838 m 0
 261.07 301.026 264.735 300.503 268.4 294.22 c 0
 270.495 290.555 268.924 286.89 264.735 285.843 c 0
 250.076 281.131 223.374 247.1 199.814 204.168 c 0
 186.726 180.084 176.254 157.047 176.254 152.858 c 0
 176.254 148.67 182.013 132.964 189.343 118.304 c 0
 196.673 103.12 202.432 87.9385 202.432 84.7959 c 0
 202.955 75.3721 212.38 59.665 231.751 36.6279 c 2
 247.98 16.7334 l 1
 272.064 42.3877 l 2
 290.914 61.7588 297.196 65.9473 302.432 61.2354 c 0
 309.762 53.9062 302.955 41.8643 275.207 9.92676 c 0
 254.788 -13.1104 237.511 -14.1572 226.516 6.26172 c 0
 222.327 14.1152 211.855 27.2041 202.955 35.0576 c 0
 194.055 43.4346 185.154 56.5234 183.061 63.8535 c 1
 181.489 71.707 175.73 86.8896 170.495 98.4082 c 2
 161.594 118.304 l 1
 153.741 106.262 l 2
 149.553 99.4551 134.893 73.8008 120.757 49.7178 c 0
 106.62 25.6338 88.2959 -1.06836 80.4424 -8.92188 c 0
 63.165 -26.7227 29.6572 -37.7168 23.374 -27.7695 c 0
 16.5684 -17.2988 18.6621 -14.6807 37.5107 -8.39746 c 0
 57.4062 -1.5918 83.584 28.7754 112.38 80.6074 c 0
 143.793 136.104 146.411 143.958 139.604 164.377 c 0
 127.562 197.885 95.1025 259.665 87.7734 262.807 c 0
 83.0605 264.377 74.6836 258.618 66.3066 249.193 c 0
 58.4531 239.77 49.5527 232.439 46.4111 232.439 c 0
 43.2695 232.439 38.5576 228.251 35.416 223.539 c 1
 31.751 216.209 28.6104 215.686 23.8984 220.398 c 0
 19.1855 225.11 22.3271 231.393 35.416 249.193 c 1
 59.5 279.561 66.3066 284.272 86.2012 284.796 c 1
 108.191 284.796 119.186 273.277 140.651 227.204 c 0
 150.076 207.309 160.023 191.078 162.642 192.126 c 0
 165.783 193.173 176.777 210.974 187.773 232.439 c 0
 210.285 275.896 224.945 293.696 241.176 296.838 c 0
EndSplineSet
Substitution2: "Small Caps-1" x.sc
Colour: ffff
EndChar

StartChar: y
Encoding: 121 121 32
Width: 325
VWidth: 0
Flags: HMW
AnchorPoint: "topright" 300 380 basechar 0
AnchorPoint: "horn" 300 380 basechar 0
AnchorPoint: "center" 163 160 basechar 0
AnchorPoint: "boxcenter" 163 250 basechar 0
AnchorPoint: "ogonek" 163 -200 basechar 0
AnchorPoint: "btmdiac" 163 -200 basechar 0
AnchorPoint: "topdiac" 163 380 basechar 0
LayerCount: 2
Fore
SplineSet
234.36 294.947 m 0
 239.097 307.053 251.202 300.211 258.044 280.737 c 0
 261.202 271.264 265.412 222.315 266.991 171.789 c 0
 268.57 121.264 271.729 69.1582 273.308 56 c 0
 275.412 42.8418 277.518 30.2109 277.518 27.0527 c 1
 278.044 24.4209 280.149 7.5791 282.255 -9.78906 c 0
 294.36 -100.315 276.991 -139.789 208.044 -175.053 c 0
 160.676 -198.737 113.308 -194.526 88.0439 -164 c 0
 76.4648 -150.315 74.8867 -144.526 77.5176 -128.737 c 0
 79.623 -118.211 82.2549 -107.685 83.834 -105.579 c 0
 88.0439 -98.2109 100.676 -119.263 101.202 -134 c 1
 101.202 -168.737 157.518 -179.263 202.255 -152.947 c 0
 253.834 -122.947 270.149 -90.3154 260.149 -38.7373 c 0
 256.991 -22.9473 252.781 10.2109 250.676 34.9473 c 0
 245.412 102.315 242.781 105.474 223.308 70.7373 c 1
 201.729 33.8945 163.834 -1.89453 145.938 -1.89453 c 0
 103.308 -1.89453 96.4648 18.6318 93.3076 151.264 c 0
 90.6758 271.264 88.0439 281.264 63.3076 257.579 c 0
 52.7812 247.579 46.9912 244.947 42.7812 249.158 c 0
 27.5176 264.421 64.3604 301.789 88.0439 296 c 0
 113.834 289.685 118.044 265.474 117.518 132.315 c 0
 117.518 48.1055 124.36 19.1582 143.308 19.1582 c 0
 159.623 19.1582 227.518 109.158 227.518 130.737 c 0
 227.518 136 230.676 141.789 234.887 143.368 c 0
 244.36 147.053 246.465 253.895 237.518 273.895 c 0
 234.36 280.737 232.781 290.737 234.36 294.947 c 0
EndSplineSet
Substitution2: "Small Caps-1" y.sc
Colour: ffff
EndChar

StartChar: z
Encoding: 122 122 33
Width: 325
VWidth: 0
Flags: HMW
AnchorPoint: "topright" 300 380 basechar 0
AnchorPoint: "horn" 300 380 basechar 0
AnchorPoint: "center" 163 160 basechar 0
AnchorPoint: "boxcenter" 163 250 basechar 0
AnchorPoint: "topdiac" 163 380 basechar 0
AnchorPoint: "ogonek" 163 0 basechar 0
AnchorPoint: "btmdiac" 163 0 basechar 0
LayerCount: 2
Fore
SplineSet
233.579 316 m 0
 295.158 354.421 295.685 333.368 235.685 242.842 c 0
 197.79 184.947 191.474 166.526 209.369 166.526 c 0
 217.79 166.526 224.632 152.315 219.896 144.421 c 0
 218.316 141.789 207.79 140.737 196.737 142.842 c 2
 177.264 146 l 1
 152.526 104.947 l 2
 138.843 82.3154 125.685 60.2109 123.579 56 c 0
 121.474 51.7891 114.632 39.6846 108.316 29.6846 c 2
 97.2637 10.7373 l 1
 125.158 10.7373 l 2
 142.526 10.7373 158.316 7.5791 166.737 1.78906 c 0
 197.264 -17.6846 245.685 -1.89453 263.053 33.8945 c 0
 272.526 54.4209 283.053 53.3682 285.158 32.8418 c 0
 288.316 7.05273 239.369 -33.4736 205.158 -33.4736 c 0
 197.79 -33.4736 181.474 -30.3154 169.369 -26.1055 c 0
 135.158 -14.5264 118.843 -13.4736 85.1582 -21.3682 c 0
 67.79 -25.5791 52 -27.1582 49.3691 -25.5791 c 0
 43.0527 -21.8945 42.5264 -8.7373 48.3164 -6.10547 c 0
 56.2109 -2.94727 90.4219 43.3682 104.105 69.1582 c 0
 112 83.8945 125.158 106 133.579 119.158 c 0
 141.474 132.315 148.843 144.421 148.843 146 c 0
 149.369 148.105 140.948 151.264 130.948 152.842 c 0
 120.948 154.947 112.526 158.632 112.526 160.737 c 0
 112.526 170.737 130.422 179.158 149.896 178.105 c 1
 168.316 176.526 170.948 178.105 178.316 193.895 c 0
 182.526 203.368 192 220.737 199.369 232.315 c 0
 217.79 261.789 228.843 282.315 226.211 282.315 c 0
 225.158 282.315 215.685 278.632 205.685 274.421 c 0
 178.316 263.368 159.896 264.421 137.79 279.685 c 0
 109.896 298.632 95.1582 297.053 75.1582 271.789 c 0
 65.1582 259.685 53.5791 250.737 47.2637 250.737 c 0
 37.2637 250.737 37.2637 251.264 46.7373 258.105 c 0
 53.0527 262.842 55.1582 268.105 52.5264 274.421 c 1
 50.4219 281.264 53.5791 288.632 63.5791 299.158 c 0
 83.0527 319.158 117.79 319.685 147.264 300.211 c 0
 165.158 288.105 169.369 287.053 185.685 292.315 c 0
 196.211 295.474 217.79 306 233.579 316 c 0
EndSplineSet
Substitution2: "Small Caps-1" z.sc
Colour: ffff
EndChar

StartChar: dotlessi.half
Encoding: 65536 -1 34
Width: 325
VWidth: 0
Flags: HW
AnchorPoint: "topright" 300 380 basechar 0
AnchorPoint: "horn" 300 380 basechar 0
AnchorPoint: "center" 163 160 basechar 0
AnchorPoint: "boxcenter" 163 250 basechar 0
AnchorPoint: "topdiac" 163 380 basechar 0
AnchorPoint: "ogonek" 163 0 basechar 0
AnchorPoint: "btmdiac" 163 0 basechar 0
LayerCount: 2
Fore
SplineSet
138.562 286.366 m 4
 136.991 298.932 138.038 300.503 152.698 300.503 c 6
 168.929 300.503 l 5
 166.311 161.759 l 6
 164.217 58.6182 165.264 21.9688 169.452 18.3037 c 4
 174.164 14.6387 182.018 17.2568 195.106 26.6807 c 4
 206.102 34.5342 217.62 38.7227 222.332 36.6279 c 4
 229.661 34.0107 228.614 30.8691 217.096 15.1621 c 5
 195.106 -13.1104 152.175 -15.2041 145.368 11.4971 c 4
 143.798 16.7334 142.751 77.4658 142.227 146.576 c 4
 142.227 215.162 141.703 271.707 141.18 271.707 c 4
 140.656 271.707 139.609 277.989 138.562 286.366 c 4
EndSplineSet
EndChar

StartChar: dotlessj.half
Encoding: 65537 -1 35
Width: 325
VWidth: 0
Flags: HW
AnchorPoint: "topright" 300 380 basechar 0
AnchorPoint: "horn" 300 380 basechar 0
AnchorPoint: "center" 163 160 basechar 0
AnchorPoint: "boxcenter" 163 250 basechar 0
AnchorPoint: "topdiac" 163 380 basechar 0
AnchorPoint: "ogonek" 163 -200 basechar 0
AnchorPoint: "btmdiac" 163 -200 basechar 0
LayerCount: 2
Fore
SplineSet
154.265 297.053 m 1
 166.37 306 179.001 312.315 181.633 311.789 c 0
 184.791 310.737 186.37 287.053 185.317 250.211 c 0
 181.106 82.3154 179.001 14.9473 176.896 0.737305 c 0
 172.159 -33.4736 162.159 -79.2627 154.791 -101.368 c 0
 138.476 -149.263 103.212 -195.579 87.4229 -189.789 c 0
 75.8438 -185.053 76.8965 -171.895 89.5273 -167.685 c 0
 98.4756 -165.053 110.58 -143.474 136.896 -83.4736 c 0
 151.106 -51.8945 160.054 37.0527 160.58 152.315 c 0
 161.633 281.264 163.738 273.368 138.476 262.842 c 0
 134.265 261.264 131.633 264.421 131.633 270.737 c 0
 131.633 277.579 140.054 287.579 154.265 297.053 c 1
EndSplineSet
EndChar
EndChars
EndSplineFont
